2.28118822049637
2.28118822049637
2.29375379199228
2.29851531935718
2.33787381854012
2.38811095190447
2.41665140244162
2.47884810378503
2.52240375014738
2.55722460258349
2.59559336192957
2.52219324965565
2.39433607601083
2.20838164227225
1.99516419161994
1.8271986915671
1.675789579206
1.57355855188477
1.45344991905736
1.25630768119643
1.09514939854845
0.97438818354555
0.866092257961654
0.785978466317531
0.678580243121543
0.553184169285749
0.481450594779681
0.43862145869134
0.336556327065877
0.252053801866925
0.201524751771768
0.162893798901742
0.126865338992685
0.0872557416739547
0.0740538216433752
0.0710606039433132
