2.14900603934673
2.14900603934673
2.14772570737659
2.12819764421494
2.1309833793202
2.12605780463397
2.0901635242525
2.08423515866531
2.04759053191793
2.00582452874694
1.97420653974175
1.84309314028276
1.6996569559199
1.53356295191227
1.37503528119242
1.28494992342711
1.21476254404415
1.19270067922597
1.14110460413036
1.0163486139599
0.944236224991482
0.903583835022923
0.861730449411919
0.83940745443786
0.775203017380752
0.689066743108498
0.654873004749739
0.636314577843812
0.539743502938401
0.462509019756901
0.416950449102254
0.378854953400324
0.339763334808178
0.294882924697374
0.276674901235576
0.270845544790717
