3.33624468369599
3.33624468369599
3.3304873425934
3.30356427073951
3.28883104212734
3.27017498545171
3.21834909669766
3.18059769600762
3.11512331515913
3.03032477696035
2.94294487763071
2.74949825193159
2.49912943482513
2.20323560154289
1.90476967240172
1.68424234568955
1.51494882737874
1.41650836200713
1.31359502676184
1.14233950073869
1.01251657980689
0.926258399604533
0.852554988998565
0.805114392518375
0.725578678445163
0.621818711665852
0.566983779912482
0.537186153346293
0.439225456539154
0.353827471417678
0.30195266548468
0.261530228029398
0.222261070117239
0.177517356309074
0.159170222805681
0.15371720428084
