4.75101064887571
4.75101064882753
4.74288869512277
4.71057952422612
4.68312138323903
4.64899087835241
4.57822746649887
4.51038549633022
4.40885109697098
4.27577885136468
4.12502244975889
3.85466045732526
3.49596397616916
3.0636845079718
2.61257377745233
2.2428497932232
1.94614752221806
1.74480212772989
1.56192421264131
1.32608820670925
1.1401274201149
1.00815097778298
0.89907140499506
0.824129310529998
0.724330565722656
0.604747219694978
0.53644828739885
0.496516121873719
0.393720576962682
0.305612710935803
0.252126624502091
0.211084948356879
0.172282183276221
0.128711702943253
0.111800628319404
0.107120557009012
