4.04537161417328
4.04537161417325
4.03596340218981
3.99940815896491
3.96090506648388
3.90711861036001
3.80609805351207
3.68978649055723
3.51636915024236
3.27919044195498
3.07036642178241
2.78520171414476
2.47800668714311
2.15203248258803
1.84048082859953
1.61165444187127
1.4258429828759
1.29298803347493
1.18210585612072
1.03342245995299
0.96455927069777
0.928754894478026
0.889596349833381
0.870307393351838
0.806280754701493
0.724436626608532
0.697212762536229
0.679820672005269
0.580662079749412
0.507407535821101
0.464395492139367
0.426164092853815
0.386196172558333
0.340842238141186
0.322947319261155
0.316816038240841
